7188
13588
20151
27046
31523
39174
42546
47816
55054
59976
64146
70237
78016
81977
88944
95951
99986
104228
107080
111829
116305
124587
132666
138505
146387
150850
159032
165428
169305
173042
180135
182961
190431
194488
199515
207333
210926
218703
226674
232298
237188
240127
247785
255602
263896
267478
270404
273414
278806
283553
290473
294921
298502
306285
312604
315750
322582
329644
337236
345351
348168
354558
361643
369794
375773
381369
384204
391777
399537
402814
410814
418530
426605
431954
438416
443311
450326
453911
457641
464818
473103
478496
486665
493163
501286
504624
510576
515713
519699
524800
528246
531726
535418
539682
543154
550590
556504
563021
570217
577063
