14428
12853
13173
13845
9002
15351
6794
10592
14529
9895
8392
12231
15611
7973
13985
14064
8118
8533
5750
9546
8997
16617
16210
11727
15816
8977
16417
12847
7802
7526
14240
5697
14993
8165
10105
15688
7234
15604
15997
11298
9828
5923
15367
15684
16642
7214
5898
6069
10837
9544
13890
8943
7209
15618
12689
6340
13715
14172
15238
16280
5679
12831
14223
16357
12009
11242
5719
15200
15571
6601
16051
15484
16201
10749
12977
9841
14084
7220
7510
14408
16623
10840
16389
13048
16298
6722
11957
10325
8017
10251
6939
7008
7431
8582
6991
14926
11877
13090
14443
13743
