43291
38566
39526
41541
27014
46059
20389
31782
43594
29692
25182
36699
46840
23925
41961
42198
24361
25605
17256
28644
26999
49859
48638
35188
47454
26939
49257
38548
23414
22585
42728
17097
44985
24501
30323
47070
21709
46820
47997
33901
29490
17776
46107
47060
49932
21648
17700
18214
32517
28640
41677
26836
21635
46861
38074
19027
41152
42522
45721
48848
17044
38499
42676
49079
36033
33733
17164
45607
46721
19811
48161
46459
48611
32255
38938
29531
42258
21668
22538
43231
49877
32528
49173
39152
48901
20173
35879
30983
24057
30759
20823
21031
22299
25754
20979
44786
35639
39278
43336
41235
