4807
4282
4389
4613
2998
5115
2262
3528
4841
3296
2795
4075
5201
2655
4659
4686
2704
2842
1914
3180
2997
5537
5401
3907
5270
2990
5470
4280
2598
2506
4744
1897
4995
2719
3366
5227
2409
5199
5330
3764
3274
1972
5120
5226
5545
2402
1964
2021
3610
3179
4628
2979
2401
5204
4227
2111
4569
4722
5077
5424
1891
4275
4739
5450
4001
3745
1904
5064
5188
2198
5348
5159
5398
3581
4323
3278
4692
2404
2501
4800
5539
3611
5461
4347
5430
2238
3983
3439
2670
3415
2311
2334
2475
2858
2328
4973
3957
4361
4812
4579
